0 1
1 1
2 2
3 1
4 4000
5 4000
6 100
7 0
8 80
9 80
10 0
11 50
12 0
13 1
14 0
15 50
16 1
17 0
18 0
19 0
20 14
21 10
22 250
23 0
24 0
25 1
26 2
27 22
28 4000
29 24000
30 220
31 60
32 856
33 909
34 787
35 759
36 480
37 0
38 30
39 150
40 50
41 10
42 100
43 100
44 100
45 1600
46 0
47 10
48 600
49 0
50 0
51 5
52 1
53 2
54 12
55 13
56 14
57 0
58 1
59 5
60 0
61 0
62 1000
63 1000
64 10
65 0
66 0
67 1000
68 1000
69 10
70 18
71 2
72 3
73 1
74 0
75 0
76 1000
77 1000
79 1235
80 0
81 3
82 3
83 151
84 15
85 1
86 0
87 9035
88 16
89 10
90 10
91 10
92 163
93 14
94 1589
95 0
96 0
97 200
98 200
99 50
100 200
101 200
102 0
103 0
104 0
105 0
106 50
107 50
108 0
109 10
110 500
111 50
112 0
113 1250
114 1000
115 0
116 0
117 0
118 0
119 100
120 10
121 0
122 10
123 50
124 0
125 10
126 0
127 250
128 375
129 500
130 675
131 750
132 875
133 1000
134 1
135 1000
136 800
137 0
138 0
139 120
140 160
141 5
142 1
143 5
144 0
145 5
146 0
147 1
148 0
